-5.00 0.0119 0.0020 0.0034 0.0196 0.0027 10.0042 0.0271 0.0032 0.0074 0.0298 0.0034 0.0058
-4.75 0.0121 0.0021 0.0033 0.0236 0.0029 10.0052 0.0385 0.0038 0.0063 0.0486 0.0043 0.0081
-4.50 0.0167 0.0025 0.0056 0.0384 0.0038 10.0058 0.0724 0.0053 0.0087 0.0939 0.0059 0.0079
-4.25 0.0350 0.0039 0.0056 0.0817 0.0056 10.0091 0.1407 0.0072 0.0133 0.1608 0.0073 0.0085
-4.00 0.0738 0.0056 0.0082 0.1467 0.0073 10.0100 0.2098 0.0081 0.0094 0.1986 0.0076 0.0113
-3.75 0.1297 0.0069 0.0106 0.2304 0.0084 +0.0121 0.2491 0.0084 0.0140 0.1906 0.0075 0.0131
-3.50 0.1969 0.0080 0.0116 0.3046 0.0089 10.0139 0.2536 0.0084 0.0168 0.1456 0.0070 0.0195
-3.25 0.2767 0.0087 0.0103 0.3424 0.0090 10.0128 0.2449 0.0086 0.0163 0.0946 0.0064 0.0178
-3.00 0.3593 0.0092 0.0113 0.3665 0.0091 10.0141 0.2000 0.0085 0.0183 0.0615 0.0061 0.0116
-2.75 0.4424 0.0094 0.0137 0.3686 0.0092 +0.0133 0.1517 0.0082 0.0168 0.0321 0.0057 0.0094
-2.50 0.5191 0.0094 0.0142 0.3627 0.0093 10.0122 0.1009 0.0077 0.0154 0.0149 0.0055 0.0098
-2.25 0.6094 0.0092 0.0137 0.3208 0.0094 +0.0117 0.0597 0.0074 0.0092 0.0111 0.0071 0.0133
-2.00 0.6914 0.0087 0.0159 0.2691 0.0093 10.0155 0.0392 0.0081 0.0117 0.0317 0.0359 0.0749
-1.75 0.7723 0.0080 0.0128 0.2113 0.0090 10.0128 0.0154 0.0084 0.0182 0.0000 0.0000 0.0012
-1.50 0.8385 0.0071 0.0095 0.1581 0.0087 10.0117 0.0073 0.0147 0.0225 0.0000 0.0000 0.0000
-1.25 0.9037 0.0057 0.0077 0.0974 0.0078 10.0096 0.0294 0.0300 0.0609 0.0000 0.0000 0.0000
-1.00 0.9532 0.0043 0.0073 0.0468 0.0063 10.0086 0.0000 0.0000 0.0000 0.0000 0.0000 0.0000
-0.75 0.9841 0.0030 0.0061 0.0179 0.0048 10.0074 0.0000 0.0000 0.0000 0.0000 0.0000 0.0000
-0.50 0.9999 0.0022 0.0022 0.0000 0.0000 10.0000 0.0000 0.0000 0.0000 0.0000 0.0000 0.0000
