-5.00 0.0088 0.0028 0.0080 0.0183 0.0044 0.0055 0.0205 0.0046 0.0084 0.0368 0.0062 0.0161
-4.75 0.0090 0.0028 0.0075 0.0212 0.0047 0.0052 0.0318 0.0058 0.0084 0.0520 0.0073 0.0155
-4.50 0.0109 0.0033 0.0114 0.0401 0.0066 0.0094 0.0604 0.0080 0.0153 0.1105 0.0106 0.0199
-4.25 0.0276 0.0057 0.0121 0.0768 0.0091 0.0094 0.1452 0.0118 0.0226 0.1627 0.0120 0.0178
-4.00 0.0639 0.0085 0.0153 0.1585 0.0122 0.0207 0.2100 0.0131 0.0202 0.1972 0.0127 0.0145
-3.75 0.1341 0.0115 0.0191 0.2312 0.0138 0.0186 0.2400 0.0135 0.0176 0.1861 0.0122 0.0178
-3.50 0.1891 0.0127 0.0232 0.3082 0.0148 0.0177 0.2677 0.0141 0.0169 0.1330 0.0110 0.0178
-3.25 0.2681 0.0140 0.0197 0.3353 0.0148 0.0179 0.2556 0.0143 0.0226 0.1037 0.0111 0.0166
-3.00 0.3603 0.0150 0.0279 0.3466 0.0147 0.0233 0.2270 0.0145 0.0277 0.0557 0.0102 0.0178
-2.75 0.4564 0.0154 0.0219 0.3374 0.0147 0.0170 0.1750 0.0145 0.0262 0.0310 0.0101 0.0126
-2.50 0.5356 0.0153 0.0193 0.3286 0.0149 0.0171 0.1307 0.0148 0.0234 0.0006 0.0069 0.0146
-2.25 0.6019 0.0148 0.0306 0.3264 0.0156 0.0332 0.0666 0.0134 0.0182 0.0103 0.0027 0.0089
-2.00 0.7099 0.0138 0.0204 0.2554 0.0154 0.0246 0.0194 0.0110 0.0218 0.0082 0.0062 0.0109
-1.75 0.7861 0.0125 0.0175 0.1988 0.0149 0.0242 0.0019 0.0107 0.0214 0.0000 0.0000 0.0000
-1.50 0.8523 0.0108 0.0164 0.1422 0.0140 0.0211 0.0177 0.0221 0.0821 0.0000 0.0000 0.0000
-1.25 0.8980 0.0090 0.0145 0.1064 0.0137 0.0212 0.0000 0.0000 0.0000 0.0000 0.0000 0.0000
-1.00 0.9448 0.0066 0.0161 0.0621 0.0123 0.0286 0.0000 0.0000 0.0000 0.0000 0.0000 0.0000
-0.75 0.9796 0.0039 0.0082 0.0325 0.0117 0.0191 0.0000 0.0000 0.0000 0.0000 0.0000 0.0000
-0.50 1.0000 0.0007 0.0007 0.0000 0.0000 0.0000 0.0000 0.0000 0.0000 0.0000 0.0000 0.0000 
