-4.93 0.0129 0.0004 0.0257 0.0227 0.0006 0.0455 0.0285 0.0006 0.0569 0.0317 0.0007 0.0635
-4.81 0.0129 0.0004 0.0257 0.0228 0.0006 0.0455 0.0284 0.0006 0.0569 0.0318 0.0007 0.0635
-4.68 0.0129 0.0004 0.0257 0.0228 0.0006 0.0455 0.0284 0.0006 0.0568 0.0321 0.0006 0.0641
-4.56 0.0128 0.0004 0.0257 0.0227 0.0005 0.0454 0.0287 0.0006 0.0575 0.0335 0.0006 0.0670
-4.43 0.0129 0.0004 0.0257 0.0230 0.0006 0.0461 0.0300 0.0006 0.0601 0.0388 0.0007 0.0777
-4.31 0.0129 0.0004 0.0258 0.0238 0.0006 0.0476 0.0345 0.0007 0.0690 0.0522 0.0008 0.1044
-4.18 0.0133 0.0004 0.0265 0.0267 0.0006 0.0534 0.0463 0.0008 0.0927 0.0758 0.0010 0.1516
-4.06 0.0148 0.0004 0.0297 0.0352 0.0007 0.0705 0.0686 0.0009 0.1372 0.1098 0.0012 0.2196
-3.93 0.0194 0.0005 0.0388 0.0531 0.0008 0.1062 0.1011 0.0011 0.2022 0.1458 0.0013 0.2916
-3.81 0.0292 0.0006 0.0585 0.0816 0.0010 0.1631 0.1412 0.0013 0.2825 0.1789 0.0014 0.3578
-3.68 0.0468 0.0008 0.0935 0.1216 0.0012 0.2432 0.1805 0.0014 0.3610 0.2031 0.0015 0.4063
-3.56 0.0765 0.0010 0.1531 0.1635 0.0014 0.3270 0.2177 0.0015 0.4355 0.2087 0.0015 0.4174
-3.43 0.1132 0.0012 0.2264 0.2109 0.0015 0.4217 0.2424 0.0016 0.4848 0.1986 0.0015 0.3972
-3.31 0.1581 0.0014 0.3162 0.2562 0.0016 0.5124 0.2543 0.0016 0.5085 0.1758 0.0015 0.3517
-3.18 0.2095 0.0015 0.4189 0.2970 0.0017 0.5940 0.2499 0.0016 0.4997 0.1453 0.0014 0.2907
-3.06 0.2632 0.0017 0.5264 0.3269 0.0017 0.6539 0.2357 0.0016 0.4714 0.1141 0.0012 0.2282
-2.93 0.3175 0.0017 0.6350 0.3502 0.0017 0.7003 0.2118 0.0016 0.4236 0.0857 0.0011 0.1714
-2.81 0.3722 0.0018 0.7445 0.3625 0.0018 0.7251 0.1836 0.0015 0.3673 0.0621 0.0010 0.1243
-2.68 0.4245 0.0018 0.8491 0.3650 0.0018 0.7300 0.1585 0.0014 0.3171 0.0422 0.0008 0.0844
-2.56 0.4740 0.0019 0.9481 0.3619 0.0018 0.7239 0.1312 0.0013 0.2624 0.0281 0.0007 0.0562
-2.43 0.5220 0.0019 1.0440 0.3504 0.0018 0.7009 0.1071 0.0012 0.2142 0.0182 0.0006 0.0364
-2.31 0.5667 0.0019 1.1335 0.3353 0.0018 0.6706 0.0862 0.0011 0.1724 0.0108 0.0004 0.0217
-2.18 0.6122 0.0018 1.2245 0.3146 0.0017 0.6292 0.0662 0.0010 0.1324 0.0067 0.0004 0.0133
-2.06 0.6556 0.0018 1.3112 0.2920 0.0017 0.5840 0.0487 0.0009 0.0975 0.0034 0.0003 0.0068
-1.93 0.6986 0.0017 1.3972 0.2644 0.0017 0.5289 0.0349 0.0007 0.0698 0.0020 0.0002 0.0039
-1.81 0.7387 0.0017 1.4775 0.2370 0.0016 0.4740 0.0231 0.0006 0.0462 0.0008 0.0001 0.0017
-1.68 0.7782 0.0016 1.5564 0.2067 0.0015 0.4135 0.0144 0.0005 0.0289 0.0004 0.0001 0.0007
-1.56 0.8164 0.0015 1.6328 0.1749 0.0014 0.3499 0.0082 0.0004 0.0165 0.0001 0.0000 0.0003
-1.43 0.8511 0.0013 1.7023 0.1445 0.0013 0.2890 0.0040 0.0002 0.0080 0.0000 0.0000 0.0000
-1.31 0.8836 0.0012 1.7673 0.1142 0.0012 0.2285 0.0018 0.0002 0.0037 0.0000 0.0000 0.0000
-1.18 0.9130 0.0011 1.8260 0.0860 0.0011 0.1720 0.0007 0.0001 0.0015 0.0000 0.0000 0.0000
-1.06 0.9373 0.0009 1.8747 0.0624 0.0009 0.1249 0.0001 0.0000 0.0002 0.0000 0.0000 0.0000
-0.93 0.9589 0.0007 1.9179 0.0409 0.0008 0.0818 0.0000 0.0000 0.0000 0.0000 0.0000 0.0000
-0.81 0.9766 0.0005 1.9532 0.0233 0.0006 0.0466 0.0000 0.0000 0.0000 0.0000 0.0000 0.0000
-0.68 0.9905 0.0003 1.9810 0.0094 0.0004 0.0188 0.0000 0.0000 0.0000 0.0000 0.0000 0.0000
-0.56 0.9986 0.0001 1.9973 0.0013 0.0002 0.0026 0.0000 0.0000 0.0000 0.0000 0.0000 0.0000 
