-5.00 0.0239 0.0093 0.0264 0.0257 0.0107 0.0153 0.0144 0.0074 0.0235 0.0193 0.0089 0.0217
-4.75 0.0244 0.0095 0.0269 0.0253 0.0105 0.0149 0.0144 0.0074 0.0254 0.0378 0.0121 0.0186
-4.50 0.0260 0.0101 0.0285 0.0291 0.0111 0.0135 0.0497 0.0138 0.0403 0.0685 0.0160 0.0306
-4.25 0.0414 0.0132 0.0305 0.0509 0.0147 0.0317 0.1476 0.0233 0.0315 0.1499 0.0229 0.0635
-4.00 0.0719 0.0178 0.0451 0.1419 0.0233 0.0429 0.2381 0.0278 0.0346 0.1780 0.0232 0.0292
-3.75 0.1399 0.0237 0.0407 0.2219 0.0271 0.0549 0.2648 0.0272 0.0368 0.1491 0.0206 0.0310
-3.50 0.2136 0.0273 0.0360 0.2967 0.0283 0.0300 0.2545 0.0263 0.0295 0.1150 0.0188 0.0288
-3.25 0.3038 0.0294 0.0549 0.2908 0.0275 0.0669 0.2546 0.0260 0.0336 0.0965 0.0181 0.0233
-3.00 0.3683 0.0300 0.0445 0.3266 0.0279 0.0460 0.2162 0.0252 0.0285 0.0644 0.0170 0.0193
-2.75 0.4617 0.0302 0.0470 0.3442 0.0284 0.0465 0.1512 0.0229 0.0260 0.0430 0.0167 0.0256
-2.50 0.5445 0.0299 0.0340 0.3253 0.0279 0.0385 0.1222 0.0232 0.0360 0.0058 0.0093 0.0270
-2.25 0.6159 0.0290 0.0336 0.2956 0.0275 0.0387 0.0942 0.0233 0.0324 0.0024 0.0007 0.0123
-2.00 0.7038 0.0269 0.0285 0.2364 0.0263 0.0326 0.0854 0.0273 0.0379 0.0020 0.0015 0.0035
-1.75 0.7782 0.0244 0.0255 0.1949 0.0253 0.0276 0.0618 0.0333 0.0488 0.0000 0.0000 0.0000
-1.50 0.8364 0.0216 0.0253 0.1601 0.0242 0.0327 0.0019 0.0009 0.0605 0.0000 0.0000 0.0000
-1.25 0.9103 0.0162 0.0200 0.0874 0.0196 0.0236 0.0007 0.0008 0.0012 0.0000 0.0000 0.0000
-1.00 0.9583 0.0107 0.0168 0.0392 0.0147 0.0228 0.0000 0.0000 0.0000 0.0000 0.0000 0.0000
-0.75 0.9897 0.0052 0.0108 0.0082 0.0075 0.0144 0.0000 0.0000 0.0000 0.0000 0.0000 0.0000
-0.50 0.9999 0.0004 0.0004 0.0000 0.0000 0.0000 0.0000 0.0000 0.0000 0.0000 0.0000 0.0000 
