-5.00 0.0101 0.0033 0.0037 0.0231 0.0051 0.0073 0.0344 0.0065 0.0176 0.0357 0.0066 0.0103
-4.75 0.0101 0.0033 0.0036 0.0249 0.0052 0.0063 0.0354 0.0063 0.0073 0.0583 0.0082 0.0143
-4.50 0.0136 0.0039 0.0040 0.0393 0.0067 0.0093 0.0760 0.0095 0.0165 0.1130 0.0113 0.0199
-4.25 0.0291 0.0061 0.0071 0.0875 0.0103 0.0199 0.1390 0.0125 0.0259 0.1709 0.0127 0.0350
-4.00 0.0809 0.0102 0.0106 0.1470 0.0126 0.0154 0.2089 0.0142 0.0220 0.1808 0.0125 0.0180
-3.75 0.1255 0.0119 0.0150 0.2256 0.0142 0.0168 0.2453 0.0145 0.0189 0.1927 0.0132 0.0259
-3.50 0.2072 0.0141 0.0196 0.2822 0.0152 0.0203 0.2583 0.0146 0.0216 0.1606 0.0123 0.0165
-3.25 0.2833 0.0155 0.0182 0.3412 0.0157 0.0164 0.2329 0.0142 0.0237 0.1016 0.0111 0.0241
-3.00 0.3638 0.0163 0.0251 0.3794 0.0159 0.0332 0.1779 0.0136 0.0328 0.0686 0.0105 0.0184
-2.75 0.4456 0.0165 0.0299 0.3753 0.0159 0.0225 0.1416 0.0135 0.0181 0.0296 0.0094 0.0163
-2.50 0.5398 0.0166 0.0250 0.3427 0.0157 0.0201 0.1033 0.0133 0.0210 0.0071 0.0074 0.0102
-2.25 0.6159 0.0160 0.0230 0.3150 0.0159 0.0243 0.0605 0.0123 0.0234 0.0099 0.0118 0.0238
-2.00 0.6971 0.0152 0.0205 0.2664 0.0157 0.0216 0.0348 0.0124 0.0210 0.0032 0.0026 0.0103
-1.75 0.7685 0.0138 0.0216 0.2153 0.0156 0.0214 0.0246 0.0158 0.0357 0.0000 0.0000 0.0000
-1.50 0.8513 0.0116 0.0200 0.1422 0.0142 0.0219 0.0104 0.0124 0.0266 0.0000 0.0000 0.0000
-1.25 0.9056 0.0095 0.0157 0.0935 0.0127 0.0182 0.0119 0.0200 0.0262 0.0000 0.0000 0.0000
-1.00 0.9551 0.0068 0.0122 0.0446 0.0100 0.0159 0.0000 0.0000 0.0000 0.0000 0.0000 0.0000
-0.75 0.9876 0.0038 0.0080 0.0111 0.0061 0.0108 0.0000 0.0000 0.0000 0.0000 0.0000 0.0000
-0.50 0.9999 0.0012 0.0012 0.0000 0.0000 0.0000 0.0000 0.0000 0.0000 0.0000 0.0000 0.0000 
