-5.00 0.0179 0.0063 0.0107 0.0204 0.0072 0.0144 0.0346 0.0091 0.0144 0.0457 0.0102 0.0132
-4.75 0.0183 0.0064 0.0104 0.0277 0.0084 0.0167 0.0525 0.0112 0.0222 0.0737 0.0125 0.0150
-4.50 0.0223 0.0073 0.0105 0.0540 0.0117 0.0253 0.0659 0.0122 0.0227 0.1261 0.0164 0.0210
-4.25 0.0401 0.0105 0.0159 0.0930 0.0151 0.0259 0.1347 0.0166 0.0262 0.1836 0.0187 0.0290
-4.00 0.0717 0.0133 0.0190 0.1726 0.0193 0.0230 0.1797 0.0181 0.0206 0.2086 0.0187 0.0360
-3.75 0.1320 0.0169 0.0180 0.2608 0.0216 0.0496 0.1977 0.0184 0.0339 0.1885 0.0182 0.0262
-3.50 0.2277 0.0202 0.0261 0.2597 0.0209 0.0256 0.2273 0.0194 0.0251 0.1852 0.0191 0.0279
-3.25 0.2915 0.0214 0.0254 0.2816 0.0208 0.0230 0.2606 0.0209 0.0258 0.1416 0.0199 0.0244
-3.00 0.3687 0.0224 0.0302 0.3211 0.0215 0.0313 0.2236 0.0211 0.0296 0.0884 0.0189 0.0294
-2.75 0.4442 0.0228 0.0270 0.3534 0.0221 0.0289 0.1626 0.0207 0.0295 0.0542 0.0187 0.0237
-2.50 0.5373 0.0226 0.0303 0.3372 0.0225 0.0293 0.1088 0.0200 0.0254 0.0244 0.0172 0.0238
-2.25 0.6035 0.0221 0.0281 0.3277 0.0233 0.0292 0.0619 0.0192 0.0274 0.0180 0.0427 0.0721
-2.00 0.6791 0.0211 0.0296 0.2801 0.0234 0.0320 0.0618 0.0255 0.0595 0.0031 0.0020 0.0130
-1.75 0.7585 0.0196 0.0247 0.2348 0.0233 0.0285 0.0018 0.0181 0.0338 0.0000 0.0000 0.0004
-1.50 0.8168 0.0174 0.0257 0.1916 0.0236 0.0308 0.0001 0.0472 0.0717 0.0000 0.0000 0.0000
-1.25 0.8903 0.0139 0.0238 0.1209 0.0216 0.0326 0.0102 0.0106 0.0207 0.0000 0.0000 0.0000
-1.00 0.9538 0.0093 0.0203 0.0485 0.0166 0.0321 0.0000 0.0000 0.0000 0.0000 0.0000 0.0000
-0.75 0.9833 0.0050 0.0075 0.0267 0.0180 0.0235 0.0000 0.0000 0.0000 0.0000 0.0000 0.0000
-0.50 1.0000 0.0010 0.0010 0.0000 0.0000 0.0000 0.0000 0.0000 0.0000 0.0000 0.0000 0.0000
