-5.00 0.0036 0.0027 0.0118 0.0165 0.0058 0.0078 0.0377 0.0091 0.0257 0.0389 0.0097 0.0150
-4.75 0.0055 0.0033 0.0099 0.0227 0.0069 0.0094 0.0418 0.0095 0.0262 0.0466 0.0103 0.0107
-4.50 0.0104 0.0049 0.0088 0.0307 0.0079 0.0114 0.0723 0.0130 0.0297 0.1221 0.0162 0.0254
-4.25 0.0271 0.0084 0.0147 0.0916 0.0149 0.0228 0.1066 0.0149 0.0246 0.1686 0.0178 0.0289
-4.00 0.0837 0.0146 0.0221 0.1392 0.0174 0.0289 0.1812 0.0180 0.0194 0.1989 0.0186 0.0268
-3.75 0.1222 0.0164 0.0306 0.2062 0.0195 0.0351 0.2563 0.0200 0.0431 0.1748 0.0173 0.0388
-3.50 0.2133 0.0201 0.0336 0.2433 0.0196 0.0274 0.2793 0.0208 0.0282 0.1363 0.0164 0.0237
-3.25 0.2851 0.0211 0.0424 0.3158 0.0212 0.0325 0.2322 0.0200 0.0258 0.1234 0.0178 0.0415
-3.00 0.3620 0.0218 0.0393 0.3573 0.0219 0.0253 0.1777 0.0193 0.0400 0.1064 0.0199 0.0384
-2.75 0.4526 0.0224 0.0398 0.3326 0.0215 0.0278 0.1722 0.0211 0.0496 0.0525 0.0177 0.0259
-2.50 0.5262 0.0224 0.0312 0.3441 0.0221 0.0330 0.0906 0.0187 0.0263 0.0635 0.0234 0.0327
-2.25 0.6173 0.0217 0.0272 0.3027 0.0222 0.0279 0.0604 0.0184 0.0289 0.1019 0.0637 0.0910
-2.00 0.6845 0.0207 0.0314 0.2720 0.0225 0.0305 0.0544 0.0233 0.0340 0.0000 0.0000 0.0000
-1.75 0.7924 0.0180 0.0284 0.1835 0.0209 0.0294 0.0434 0.0354 0.0619 0.0000 0.0000 0.0000
-1.50 0.8375 0.0162 0.0248 0.1620 0.0212 0.0322 0.0232 0.0122 0.0352 0.0000 0.0000 0.0000
-1.25 0.9007 0.0129 0.0209 0.1012 0.0187 0.0287 0.0000 0.0000 0.0044 0.0000 0.0000 0.0000
-1.00 0.9514 0.0090 0.0147 0.0522 0.0161 0.0272 0.0000 0.0000 0.0000 0.0000 0.0000 0.0000
-0.75 0.9864 0.0041 0.0084 0.0137 0.0126 0.0255 0.0000 0.0000 0.0000 0.0000 0.0000 0.0000
-0.50 1.0000 0.0008 0.0008 0.0000 0.0000 0.0000 0.0000 0.0000 0.0000 0.0000 0.0000 0.0000 
