-5.00 0.0176 0.0091 0.0206 0.0190 0.0098 0.0205 0.0281 0.0119 0.0144 0.0473 0.0152 0.0194
-4.75 0.0176 0.0090 0.0206 0.0186 0.0096 0.0195 0.0327 0.0127 0.0149 0.0609 0.0170 0.0252
-4.50 0.0241 0.0110 0.0233 0.0365 0.0131 0.0192 0.0854 0.0206 0.0373 0.1178 0.0234 0.0328
-4.25 0.0505 0.0170 0.0305 0.0981 0.0221 0.0316 0.1063 0.0227 0.0263 0.1707 0.0268 0.0305
-4.00 0.1034 0.0239 0.0364 0.1181 0.0238 0.0278 0.2045 0.0288 0.0339 0.1984 0.0274 0.0359
-3.75 0.1443 0.0265 0.0368 0.2605 0.0324 0.0497 0.2275 0.0286 0.0392 0.1626 0.0251 0.0681
-3.50 0.2319 0.0306 0.0520 0.3246 0.0333 0.0557 0.2280 0.0287 0.0344 0.1016 0.0205 0.0257
-3.25 0.3145 0.0328 0.0496 0.3542 0.0330 0.0366 0.1933 0.0273 0.0336 0.0913 0.0215 0.0246
-3.00 0.3829 0.0334 0.0444 0.3602 0.0328 0.0339 0.1609 0.0266 0.0575 0.0799 0.0229 0.0406
-2.75 0.4529 0.0338 0.0436 0.3580 0.0326 0.0439 0.1558 0.0283 0.0326 0.0333 0.0186 0.0287
-2.50 0.5449 0.0334 0.0411 0.3333 0.0325 0.0438 0.1114 0.0274 0.0348 0.0018 0.0120 0.0178
-2.25 0.6223 0.0324 0.0433 0.3018 0.0325 0.0463 0.0732 0.0265 0.0327 0.0078 0.0022 0.0203
-2.00 0.6909 0.0307 0.0371 0.2857 0.0331 0.0424 0.0034 0.0120 0.0309 0.0039 0.0029 0.0055
-1.75 0.7889 0.0271 0.0376 0.1913 0.0303 0.0422 0.0133 0.0233 0.0376 0.0000 0.0000 0.0000
-1.50 0.8584 0.0229 0.0328 0.1287 0.0274 0.0392 0.0259 0.0315 0.0579 0.0000 0.0000 0.0000
-1.25 0.9212 0.0172 0.0294 0.0717 0.0226 0.0375 0.0000 0.0000 0.0013 0.0000 0.0000 0.0000
-1.00 0.9511 0.0136 0.0176 0.0483 0.0194 0.0245 0.0000 0.0000 0.0000 0.0000 0.0000 0.0000
-0.75 0.9828 0.0080 0.0131 0.0186 0.0134 0.0233 0.0000 0.0000 0.0000 0.0000 0.0000 0.0000
-0.50 0.9999 0.0006 0.0006 0.0000 0.0000 0.0000 0.0000 0.0000 0.0000 0.0000 0.0000 0.0000 
