-4.93 0.000   0.000  0.000 0.000   0.000   0.000 0.000   0.000   0.000
-4.81 0.000   0.000  0.000 0.000   0.000   0.000 0.000   0.000   2.894
-4.68 0.000   0.000  0.000 2.743   2.963   7.358 3.657   1.755   7.728
-4.56 0.000   0.000  0.000 1.029   1.236   3.013 14.037   3.539   28.712
-4.43 44.694   54.792  130.163 2.842   1.272   6.403 26.482   4.118   53.243
-4.31 38.627   47.348  98.094 3.933   1.160   8.542 57.921   5.614   116.667
-4.18 116.085   47.661  260.599 14.345   2.267   28.957 153.428   9.150   307.271
-4.06 96.392   24.920  211.002 33.336   3.220   67.179 315.213   12.692   630.662
-3.93 110.995   16.835  223.570 100.929   5.999   203.075 471.007   13.704   942.461
-3.81 202.646   19.921  408.731 157.993   6.499   317.088 649.227   14.247  1298.960
-3.68 161.893   10.146  326.452 268.641   7.865   537.617 746.370   13.548  1492.858
-3.56 168.951   7.563  343.216 361.667   8.066   723.499 696.714   11.268  1393.822
-3.43 176.529   5.868  354.151 396.574   7.336   793.437 568.165   8.771  1136.464
-3.31 172.257   4.556  344.874 391.254   6.285   782.540 366.244   6.128   732.762
-3.18 148.328   3.318  297.703 341.026   5.073   682.152 164.243   3.466   328.912
-3.06 146.502   2.805  293.195 251.382   3.694   502.884 8.821   0.610   23.409
-2.93 122.732   2.104  245.561 162.722   2.563   325.498  42.690   1.219   85.501
-2.81 103.024   1.641  206.220 86.125   1.613   172.270  72.433   1.435   144,917
-2.68 86.369   1.306  172.750 35.388   0.944   70.836  68.602   1.232   137.323
-2.56 70.789   1.046  141.608 1.136   0.168   3.154  54.246   0.968   108.498
-2.43 55.635   0.828  111.305  10.287   0.353   20.607  36.438   0.695   72.902
-2.31 43.418   0.657  86.874  13.922   0.359   27.934  22.509   0.476   45.026
-2.18 32.448   0.4991 64.902  12.748   0.291   25.536  13.929   0.327   27.878
-2.06 24.511   0.388  49.026  11.612   0.246   23.228  9.095   0.241   18.202
-1.93 17.497   0.284  35.001  9.561   0.195   19.125  5.220   0.157   10.442
-1.81 12.464   0.210  24.929  7.573   0.152   15.150  2.907   0.102   5.821
-1.68 8.736   0.152  17.473  6.101   0.120   12.205  1.538   0.063   3.078
-1.56 6.051   0.1091 12.102  4.437   0.088   8.875  0.760   0.039   1.521
-1.43 4.216   0.080  8.437  3.297   0.067   6.599  0.350   0.023   0.702
-1.31 2.738   0.0551 5.476  2.330   0.049   4.661  0.136   0.012   0.272
-1.18 1.773   0.038  3.547  1.570   0.035   3.142  0.063   0.009   0.128
-1.06 1.119   0.026  2.239  0.961   0.023   1.923  0.009   0.002   0.018
-0.93 0.678   0.018  1.357  0.646   0.017   1.294  0.001   0.001   0.002
-0.81 0.396   0.012  0.792  0.365   0.011   0.731 0.000   0.000   0.000
-0.68 0.207   0.008  0.414  0.192   0.007   0.384 0.000   0.000   0.000
-0.56 0.068   0.004  0.136  0.065   0.004   0.131 0.000   0.000   0.000 

