-5.00 0.0116 0.0027 0.0049 0.0197 0.0036 0.0092 0.0232 0.0041 0.0104 0.0342 0.0048 0.0076
-4.75 0.0121 0.0028 0.0048 0.0257 0.0041 0.0094 0.0363 0.0051 0.0120 0.0660 0.0067 0.0110
-4.50 0.0170 0.0035 0.0038 0.0527 0.0062 0.0156 0.0834 0.0077 0.0158 0.1272 0.0090 0.0149
-4.25 0.0444 0.0059 0.0097 0.1072 0.0087 0.0163 0.1425 0.0095 0.0256 0.1721 0.0099 0.0175
-4.00 0.0896 0.0081 0.0115 0.1678 0.0102 0.0133 0.1916 0.0104 0.0154 0.2031 0.0103 0.0139
-3.75 0.1528 0.0099 0.0137 0.2293 0.0111 0.0139 0.2343 0.0109 0.0155 0.1898 0.0102 0.0208
-3.50 0.2279 0.0111 0.0142 0.2815 0.0117 0.0154 0.2484 0.0111 0.0224 0.1573 0.0100 0.0186
-3.25 0.3032 0.0119 0.0142 0.3303 0.0120 0.0139 0.2357 0.0113 0.0152 0.1028 0.0094 0.0129
-3.00 0.3777 0.0124 0.0161 0.3538 0.0121 0.0179 0.1922 0.0112 0.0187 0.0732 0.0094 0.0163
-2.75 0.4516 0.0125 0.0195 0.3640 0.0123 0.0209 0.1443 0.0110 0.0177 0.0411 0.0094 0.0191
-2.50 0.5352 0.0125 0.0180 0.3493 0.0125 0.0156 0.0949 0.0106 0.0177 0.0134 0.0091 0.0199
-2.25 0.6235 0.0121 0.0179 0.3037 0.0125 0.0168 0.0627 0.0113 0.0136 0.0109 0.0145 0.0267
-2.00 0.7034 0.0115 0.0174 0.2560 0.0126 0.0165 0.0408 0.0119 0.0175 0.0056 0.0163 0.0266
-1.75 0.7805 0.0105 0.0169 0.2043 0.0125 0.0182 0.0075 0.0128 0.0243 0.0015 0.0017 0.0033
-1.50 0.8533 0.0090 0.0139 0.1410 0.0119 0.0156 0.0118 0.0182 0.0320 0.0000 0.0000 0.0000
-1.25 0.9140 0.0073 0.0123 0.0820 0.0107 0.0139 0.0000 0.0000 0.0276 0.0000 0.0000 0.0000
-1.00 0.9603 0.0052 0.0121 0.0332 0.0090 0.0141 0.0000 0.0000 0.0000 0.0000 0.0000 0.0000
-0.75 0.9885 0.0033 0.0075 0.0047 0.0064 0.0114 0.0000 0.0000 0.0000 0.0000 0.0000 0.0000
-0.50 1.0000 0.0027 0.0027 0.0000 0.0000 0.0000 0.0000 0.0000 0.0000 0.0000 0.0000 0.0000 
