-5.00 0.0146 0.0041 0.0085 0.0220 0.0047 0.0055 0.0347 0.0063 0.0103 0.0314 0.0058 0.0072
-4.75 0.0142 0.0040 0.0080 0.0248 0.0051 0.0058 0.0438 0.0070 0.0092 0.0676 0.0086 0.0125
-4.50 0.0246 0.0056 0.0130 0.0409 0.0068 0.0077 0.0998 0.0105 0.0238 0.1168 0.0109 0.0137
-4.25 0.0423 0.0075 0.0115 0.0981 0.0104 0.0158 0.1620 0.0129 0.0212 0.1621 0.0122 0.0164
-4.00 0.0852 0.0101 0.0188 0.1732 0.0132 0.0167 0.2131 0.0136 0.0185 0.1777 0.0120 0.0167
-3.75 0.1469 0.0124 0.0197 0.2549 0.0148 0.0204 0.2299 0.0134 0.0176 0.1622 0.0118 0.0242
-3.50 0.2248 0.0141 0.0174 0.2919 0.0148 0.0161 0.2409 0.0138 0.0200 0.1386 0.0115 0.0140
-3.25 0.2927 0.0148 0.0242 0.3373 0.0152 0.0180 0.2219 0.0138 0.0221 0.1101 0.0117 0.0150
-3.00 0.3611 0.0154 0.0201 0.3652 0.0152 0.0247 0.1931 0.0142 0.0250 0.0687 0.0113 0.0236
-2.75 0.4324 0.0156 0.0232 0.3778 0.0156 0.0211 0.1482 0.0140 0.0191 0.0441 0.0113 0.0271
-2.50 0.5157 0.0157 0.0224 0.3567 0.0158 0.0220 0.1130 0.0138 0.0240 0.0165 0.0108 0.0161
-2.25 0.6013 0.0153 0.0214 0.3173 0.0158 0.0207 0.0823 0.0150 0.0320 0.0162 0.0162 0.0250
-2.00 0.6778 0.0145 0.0197 0.2846 0.0162 0.0230 0.0410 0.0150 0.0212 0.0058 0.0036 0.0158
-1.75 0.7615 0.0133 0.0209 0.2216 0.0159 0.0229 0.0296 0.0209 0.0306 0.0000 0.0000 0.0000
-1.50 0.8340 0.0116 0.0185 0.1677 0.0154 0.0225 0.0590 0.0305 0.0663 0.0000 0.0000 0.0000
-1.25 0.8948 0.0093 0.0174 0.1115 0.0146 0.0252 0.0000 0.0000 0.0000 0.0000 0.0000 0.0000
-1.00 0.9568 0.0060 0.0130 0.0401 0.0114 0.0177 0.0000 0.0000 0.0000 0.0000 0.0000 0.0000
-0.75 0.9873 0.0031 0.0071 0.0100 0.0089 0.0126 0.0000 0.0000 0.0000 0.0000 0.0000 0.0000
-0.50 0.9998 0.0007 0.0007 0.0000 0.0000 0.0000 0.0000 0.0000 0.0000 0.0000 0.0000 0.0000 
