-5.00 0.0057 0.0023 0.0055 0.0179 0.0041 0.0113 0.0278 0.0054 0.0073 0.0392 0.0064 0.0160
-4.75 0.0067 0.0025 0.0060 0.0228 0.0048 0.0129 0.0467 0.0069 0.0168 0.0588 0.0080 0.0087
-4.50 0.0117 0.0035 0.0057 0.0485 0.0072 0.0143 0.0854 0.0095 0.0174 0.1232 0.0112 0.0161
-4.25 0.0306 0.0063 0.0122 0.1117 0.0110 0.0114 0.1415 0.0118 0.0184 0.1748 0.0122 0.0161
-4.00 0.0773 0.0097 0.0105 0.1756 0.0126 0.0282 0.2192 0.0136 0.0293 0.1951 0.0126 0.0138
-3.75 0.1335 0.0117 0.0196 0.2577 0.0144 0.0171 0.2437 0.0135 0.0345 0.1813 0.0122 0.0306
-3.50 0.2085 0.0134 0.0161 0.3052 0.0146 0.0167 0.2562 0.0138 0.0210 0.1496 0.0119 0.0284
-3.25 0.2748 0.0143 0.0190 0.3561 0.0149 0.0210 0.2361 0.0139 0.0189 0.0967 0.0112 0.0187
-3.00 0.3332 0.0148 0.0197 0.3955 0.0152 0.0295 0.1977 0.0138 0.0179 0.0570 0.0108 0.0204
-2.75 0.4234 0.0153 0.0204 0.3821 0.0151 0.0163 0.1452 0.0137 0.0205 0.0607 0.0137 0.0208
-2.50 0.5179 0.0154 0.0230 0.3565 0.0153 0.0228 0.1008 0.0133 0.0178 0.0397 0.0166 0.0233
-2.25 0.6089 0.0150 0.0211 0.3083 0.0154 0.0222 0.0798 0.0143 0.0184 0.0581 0.0354 0.0427
-2.00 0.6914 0.0141 0.0215 0.2580 0.0155 0.0207 0.0710 0.0173 0.0268 0.0000 0.0000 0.0520
-1.75 0.7798 0.0127 0.0227 0.1976 0.0151 0.0260 0.0508 0.0247 0.0423 0.0000 0.0000 0.0005
-1.50 0.8439 0.0109 0.0191 0.1513 0.0150 0.0240 0.0257 0.0287 0.0386 0.0000 0.0000 0.0000
-1.25 0.9085 0.0085 0.0166 0.0913 0.0137 0.0234 0.0000 0.0000 0.0000 0.0000 0.0000 0.0000
-1.00 0.9527 0.0061 0.0131 0.0498 0.0120 0.0318 0.0000 0.0000 0.0000 0.0000 0.0000 0.0000
-0.75 0.9875 0.0029 0.0074 0.0098 0.0080 0.0128 0.0000 0.0000 0.0000 0.0000 0.0000 0.0000
-0.50 0.9999 0.0012 0.0012 0.0000 0.0000 0.0001 0.0000 0.0000 0.0000 0.0000 0.0000 0.0000 
