
1 - T R' (1 - T) at 91 GeV R' (1 - T) at 133 GeV

0.00 0.01 1.273   0.019   0.043 
0.01 0.02 12.26   0.05    0.40  
0.02 0.03 18.38   0.07    0.28  
0.03 0.04 13.86   0.06    0.15  
0.04 0.05 9.80    0.05    0.18  
0.05 0.07 6.502   0.027   0.086 
0.07 0.09 4.133   0.022   0.037 
0.09 0.12 2.649   0.014   0.058 
0.12 0.15 1.705   0.012   0.075 
0.15 0.22 0.913   0.006   0.020 
0.22 0.30 0.3704  0.0033  0.0090

0.00 0.01  4.37   0.82   0.55  
0.01 0.02 20.4    1.6    3.8  
0.02 0.03 20.4    1.5    1.7  
0.03 0.04 10.5    1.2    0.9  
0.04 0.05  6.7    1.0    0.4  
0.05 0.07  4.70   0.58   0.35 
0.07 0.09  3.64   0.51   0.29 
0.09 0.12  1.68   0.32   0.44 
0.12 0.15  1.36   0.24   0.32 
0.15 0.22  1.09   0.12   0.18 
0.22 0.30  0.467  0.065  0.066

1 - T R' (1 - T) at 161 GeV R' (1 - T) at 172 GeV

0.00  0.01  8.9   1.6   1.3   
0.01  0.02 23.0   2.6   1.2  
0.02  0.03 16.5   2.2   1.5  
0.03  0.04 11.8   1.8   1.7  
0.04  0.05  5.4   1.6   1.4  
0.05  0.07  3.82  0.93  0.64 
0.07  0.09  2.51  0.77  0.96 
0.09  0.12  2.77  0.51  0.38 
0.12  0.15  1.60  0.41  0.68 
0.15  0.22  0.80  0.22  0.20 
0.22  0.30  0.40  0.15  0.21

0.00  0.01 11.3   1.8   3.0 
0.01  0.02 20.9   2.9   2.1 
0.02  0.03 19.0   2.4   4.6 
0.03  0.04  8.5   2.0   1.0 
0.04  0.05  4.5   1.7   0.5 
0.05  0.07  6.0   1.0   1.2 
0.07  0.09  4.0   0.9   1.3 
0.09  0.12  1.14  0.58  0.57
0.12  0.15  0.42  0.52  0.34
0.15  0.22  1.08  0.26  0.27
0.22  0.30  0.22  0.22  0.24

1 - T R' (1 - T) at 183 GeV R' (1 - T) at 189 GeV

0.00  0.01  8.08  0.94  0.61 
0.01  0.02 23.0   1.4   1.9  
0.02  0.03 15.6   1.1   1.7  
0.03  0.04  9.6   0.9   1.6  
0.04  0.05  7.7   0.8   1.1  
0.05  0.07  5.06  0.47  0.48 
0.07  0.09  3.21  0.40  0.63 
0.09  0.12  2.05  0.28  0.25 
0.12  0.15  1.36  0.23  0.16 
0.15  0.22  0.77  0.13  0.11 
0.22  0.30  0.34  0.09  0.14  

0.00  0.01  9.36   0.55   0.58 
0.01  0.02 21.93   0.80   0.91 
0.02  0.03 15.35   0.64   0.89 
0.03  0.04  9.82   0.54   0.68 
0.04  0.05  7.15   0.47   0.51 
0.05  0.07  5.38   0.28   0.28 
0.07  0.09  2.89   0.24   0.16 
0.09  0.12  2.44   0.16   0.08 
0.12  0.15  1.36   0.14   0.14 
0.15  0.22  0.72   0.08   0.11 
0.22  0.30  0.479  0.065  0.096

1 - T R' (1 - T) at 192 GeV R' (1 - T) at 196 GeV

0.00  0.01  9.0   1.5   1.6  
0.01  0.02 22.6   2.1   3.0  
0.02  0.03 13.2   1.7   1.4  
0.03  0.04  9.3   1.4   1.8  
0.04  0.05  7.0   1.2   0.9  
0.05  0.07  5.67  0.73  0.85 
0.07  0.09  3.16  0.60  0.83 
0.09  0.12  1.84  0.41  0.30 
0.12  0.15  1.55  0.36  0.48 
0.15  0.22  0.81  0.20  0.39 
0.22  0.30  0.19  0.18  0.17 

0.00  0.01  8.70  0.95  0.53
0.01  0.02 23.6   1.4   1.4 
0.02  0.03 15.3   1.1   1.2 
0.03  0.04  9.86  0.85  0.94
0.04  0.05  7.13  0.78  0.95
0.05  0.07  5.21  0.46  0.22
0.07  0.09  2.59  0.39  0.48
0.09  0.12  2.54  0.26  0.16
0.12  0.15  1.42  0.23  0.18
0.15  0.22  0.70  0.14  0.28
0.22  0.30  0.54  0.13  0.24

1 - T R' (1 - T) at 200 GeV R' (1 - T) at 202 GeV

0.00  0.01  9.8   1.0   1.1  
0.01  0.02 22.6   1.4   1.4  
0.02  0.03 14.3   1.1   1.0  
0.03  0.04  8.7   0.9   1.3  
0.04  0.05  7.85  0.78  0.88 
0.05  0.07  4.70  0.47  0.47 
0.07  0.09  2.75  0.42  0.53 
0.09  0.12  2.09  0.26  0.19 
0.12  0.15  1.57  0.24  0.50 
0.15  0.22  1.06  0.13  0.24 
0.22  0.30  0.34  0.15  0.20 

0.00  0.01 11.3   1.5   1.5 
0.01  0.02 20.5   2.0   0.7 
0.02  0.03 14.8   1.5   1.1 
0.03  0.04  8.0   1.3   0.5 
0.04  0.05  6.2   1.2   0.8 
0.05  0.07  5.12  0.67  0.41
0.07  0.09  3.34  0.59  0.75
0.09  0.12  2.54  0.41  0.45
0.12  0.15  1.38  0.34  0.16
0.15  0.22  0.91  0.19  0.27
0.22  0.30  0.43  0.23  0.47

1 - T R' (1 - T) at 205 GeV R' (1 - T) at 207 GeV

0.00  0.01 10.4   1.0   1.0  
0.01  0.02 21.6   1.4   1.2  
0.02  0.03 14.8   1.1   2.5  
0.03  0.04 10.4   0.9   1.5  
0.04  0.05  7.12  0.78  0.94 
0.05  0.07  6.19  0.47  0.48 
0.07  0.09  2.75  0.40  0.43 
0.09  0.12  1.95  0.27  0.22 
0.12  0.15  1.37  0.25  0.28 
0.15  0.22  0.81  0.15  0.15 
0.22  0.30  0.17  0.17  0.26  

0.00  0.01 11.61  0.79  0.69
0.01  0.02 23.7   1.1   0.9 
0.02  0.03 15.03  0.85  0.69
0.03  0.04  9.53  0.71  0.77
0.04  0.05  7.51  0.62  0.27
0.05  0.07  4.68  0.36  0.15
0.07  0.09  2.93  0.31  0.32
0.09  0.12  2.23  0.21  0.17
0.12  0.15  1.35  0.19  0.16
0.15  0.22  0.73  0.11  0.15
0.22  0.30  0.20  0.13  0.15

