Y23 R' (Y23) at 192 GeV R' (Y23) at 196 GeV

0.00030  0.00075 283.    37.    88.  
0.00075  0.00130 194.    24.    37.  
0.00130  0.00230 106.    13.    11.  
0.00230  0.00400  66.0    7.9   8.4  
0.00400  0.00700  27.8    4.6   5.2  
0.00700  0.01200  17.8    2.8   2.5  
0.01200  0.02250   8.8    1.4   1.6  
0.02250  0.04000   4.0    0.8   1.2  
0.04000  0.07000   1.82   0.43  0.40 
0.07000  0.13000   0.75   0.20  0.17 
0.13000  0.23500   0.28   0.12  0.13 
0.23500  0.40000   0.03   0.08  0.14 

0.00030  0.00075 325.     24.     30.  
0.00075  0.00130 195.     15.     14.	
0.00130  0.00230 102.5     8.6    5.0	
0.00230  0.00400  54.5     5.2    2.5	
0.00400  0.00700  31.1     2.8    5.5	
0.00700  0.01200  19.3     1.8    1.9	
0.01200  0.02250   7.70    0.91   0.99	
0.02250  0.04000   3.78    0.50   0.58	
0.04000  0.07000   1.83    0.27   0.43	
0.07000  0.13000   0.83    0.14   0.19	
0.13000  0.23500   0.39    0.08   0.22	
0.23500  0.40000   0.033   0.036  0.059

Y23 R' (y23) at 200 GeV R' (y23) at 202 GeV

0.00030  0.00075 335.     24.     41.  
0.00075  0.00130 167.     16.     12.  
0.00130  0.00230  97.9     8.5    8.7  
0.00230  0.00400  57.2     5.2    4.3  
0.00400  0.00700  31.8     3.0    4.4  
0.00700  0.01200  15.2     1.8    1.8  
0.01200  0.02250  10.0     0.9    1.8  
0.02250  0.04000   3.58    0.51   0.75 
0.04000  0.07000   2.47    0.28   0.25 
0.07000  0.13000   0.85    0.15   0.17 
0.13000  0.23500   0.26    0.09   0.15 
0.23500  0.40000   0.039   0.051  0.042

0.00030  0.00075 320.    36.    18.  
0.00075  0.00130 187.    24.    38.	
0.00130  0.00230  90.    13.    13.	
0.00230  0.00400  60.4    7.5    5.2	
0.00400  0.00700  25.8    4.4    2.7	
0.00700  0.01200  15.7    2.7    3.1	
0.01200  0.02250   8.2    1.4    2.0	
0.02250  0.04000   4.43   0.73   0.72
0.04000  0.07000   2.12   0.42   0.50
0.07000  0.13000   0.97   0.20   0.32
0.13000  0.23500   0.32   0.12   0.18
0.23500  0.40000   0.03   0.07   0.10

Y23 R' (Y23) at 205 GeV R' (Y23) at 207 GeV

0.00030  0.00075 300.     24.     25.   
0.00075  0.00130 151.     16.     18.   
0.00130  0.00230  98.      9.     11.   
0.00230  0.00400  62.9     5.3     9.2  
0.00400  0.00700  32.8     3.1     2.4  
0.00700  0.01200  19.1     1.8     1.7  
0.01200  0.02250   9.04    0.93    0.96 
0.02250  0.04000   3.71    0.52    0.79 
0.04000  0.07000   2.41    0.29    0.53 
0.07000  0.13000   0.79    0.15    0.22 
0.13000  0.23500   0.17    0.09    0.25 
0.23500  0.40000  -0.001   0.037   0.049 

0.00030  0.00075 374.     19.     18.    
0.00075  0.00130 166.     12.     5.    
0.00130  0.00230  93.      7.     11.   
0.00230  0.00400  61.7     4.0     2.7  
0.00400  0.00700  31.2     2.4     3.3  
0.00700  0.01200  16.7     1.4     0.9  
0.01200  0.02250   8.55    0.73    0.59 
0.02250  0.04000   4.24    0.40    0.45 
0.04000  0.07000   1.80    0.23    0.22 
0.07000  0.13000   0.79    0.11    0.13 
0.13000  0.23500   0.160   0.069   0.057
0.23500  0.40000  -0.023   0.035   0.060
