0.00030  0.00075 146.5     1.0     2.8    
0.00075  0.00130 183.1     0.9     5.5    
0.00130  0.00230 141.5     0.6     2.8    
0.00230  0.00400  81.7     0.3     1.5    
0.00400  0.00700  39.5     0.2     1.2    
0.00700  0.01200  19.92    0.09    0.22   
0.01200  0.02250   9.73    0.05    0.20   
0.02250  0.04000   4.57    0.03    0.19   
0.04000  0.07000   2.104   0.013   0.094  
0.07000  0.13000   0.825   0.006   0.024  
0.13000  0.23500   0.265   0.003   0.014  
0.23500  0.40000   0.0303  0.0008  0.0019 
